char265	0	0		0	0	16	32
char266	0	0		16	0	16	32
char267	0	0		32	0	16	32
char268	0	0		48	0	16	32
char269	0	0		64	0	16	32
char270	0	0		80	0	16	32
char271	0	0		96	0	16	32
char272	0	0		112	0	16	32
char273	0	0		128	0	16	32
char274	0	0		144	0	16	32
char275	0	0		160	0	16	32
char276	0	0		176	0	16	32
char277	0	0		192	0	16	32
char278	0	0		208	0	16	32
char279	0	0		224	0	16	32
char280	0	0		240	0	16	32
char281	0	0		256	0	16	32
char282	0	0		272	0	16	32
char283	0	0		288	0	16	32
char284	0	0		0	32	16	32
char285	0	0		16	32	16	32
char286	0	0		32	32	16	32
char287	0	0		48	32	16	32
char288	0	0		64	32	16	32
char289	0	0		80	32	16	32
char290	0	0		96	32	16	32
char297	0	0		112	32	16	32
char298	0	0		128	32	16	32
char299	0	0		144	32	16	32
char2100	0	0		160	32	16	32
char2101	0	0		176	32	16	32
char2102	0	0		192	32	16	32
char232	0	0		224	64	16	32
char2103	0	0		208	32	16	32
char2104	0	0		224	32	16	32
char2105	0	0		240	32	16	32
char2106	0	0		256	32	16	32
char2107	0	0		272	32	16	32
char2108	0	0		288	32	16	32
char2109	0	0		0	64	16	32
char2110	0	0		16	64	16	32
char2111	0	0		32	64	16	32
char2112	0	0		48	64	16	32
char2113	0	0		64	64	16	32
char2114	0	0		80	64	16	32
char2115	0	0		96	64	16	32
char2116	0	0		112	64	16	32
char2117	0	0		128	64	16	32
char2118	0	0		144	64	16	32
char2119	0	0		160	64	16	32
char2120	0	0		176	64	16	32
char2121	0	0		192	64	16	32
char2122	0	0		208	64	16	32
char248	0	0		0	96	16	32
char249	0	0		16	96	16	32
char250	0	0		32	96	16	32
char251	0	0		48	96	16	32
char252	0	0		64	96	16	32
char253	0	0		80	96	16	32
char254	0	0		96	96	16	32
char255	0	0		112	96	16	32
char256	0	0		128	96	16	32
char257	0	0		144	96	16	32
char263	0	0		16	128	16	32
char244	0	0		96	128	16	32
char239	0	0		128	128	16	32
char245	0	0		64	128	16	32
char238	0	0		144	128	16	32
char246	0	0		80	128	16	32
char258	0	0		112	128	16	32
char233	0	0		0	128	16	32
char240	0	0		32	128	16	32
char241	0	0		48	128	16	32
