char248	0	0		0	0	16	32
char249	0	0		16	0	16	32
char250	0	0		32	0	16	32
char251	0	0		48	0	16	32
char252	0	0		64	0	16	32
char253	0	0		80	0	16	32
char254	0	0		96	0	16	32
char255	0	0		112	0	16	32
char256	0	0		128	0	16	32
char257	0	0		144	0	16	32
char265	0	0		160	0	16	32
char266	0	0		176	0	16	32
char267	0	0		192	0	16	32
char268	0	0		208	0	16	32
char269	0	0		224	0	16	32
char270	0	0		240	0	16	32
char271	0	0		256	0	16	32
char272	0	0		272	0	16	32
char273	0	0		288	0	16	32
char274	0	0		304	0	16	32
char275	0	0		320	0	16	32
char276	0	0		336	0	16	32
char277	0	0		352	0	16	32
char278	0	0		368	0	16	32
char279	0	0		384	0	16	32
char280	0	0		400	0	16	32
char281	0	0		416	0	16	32
char282	0	0		432	0	16	32
char283	0	0		448	0	16	32
char284	0	0		464	0	16	32
char285	0	0		480	0	16	32
char286	0	0		496	0	16	32
char287	0	0		512	0	16	32
char288	0	0		528	0	16	32
char289	0	0		544	0	16	32
char290	0	0		560	0	16	32
char232	0	0		576	0	16	32
char258	0	0		0	64	16	32
char246	0	0		0	32	16	32
char244	0	0		16	32	16	32
char234	0	0		48	32	16	32
char239	0	0		80	32	16	32
char245	0	0		96	32	16	32
char233	0	0		112	32	16	32
char263	0	0		144	32	16	32
char247	0	0		576	32	16	32
char29787	0	0		16	64	16	32
