char148	0	0		0	0	16	16
char149	0	0		16	0	16	16
char150	0	0		32	0	16	16
char151	0	0		48	0	16	16
char152	0	0		64	0	16	16
char153	0	0		80	0	16	16
char154	0	0		96	0	16	16
char155	0	0		112	0	16	16
char156	0	0		128	0	16	16
char157	0	0		144	0	16	16
char165	0	0		160	0	16	16
char166	0	0		176	0	16	16
char167	0	0		192	0	16	16
char168	0	0		208	0	16	16
char169	0	0		224	0	16	16
char170	0	0		240	0	16	16
char171	0	0		256	0	16	16
char172	0	0		272	0	16	16
char173	0	0		288	0	16	16
char174	0	0		304	0	16	16
char175	0	0		320	0	16	16
char176	0	0		336	0	16	16
char177	0	0		352	0	16	16
char178	0	0		368	0	16	16
char179	0	0		384	0	16	16
char180	0	0		400	0	16	16
char181	0	0		416	0	16	16
char182	0	0		432	0	16	16
char183	0	0		448	0	16	16
char184	0	0		464	0	16	16
char185	0	0		480	0	16	16
char186	0	0		496	0	16	16
char187	0	0		512	0	16	16
char188	0	0		528	0	16	16
char189	0	0		544	0	16	16
char190	0	0		560	0	16	16
char132	0	0		576	0	16	16
