char365	0	0		0	0	16	16
char366	0	0		16	0	16	16
char367	0	0		32	0	16	16
char368	0	0		48	0	16	16
char369	0	0		64	0	16	16
char370	0	0		80	0	16	16
char371	0	0		96	0	16	16
char372	0	0		112	0	16	16
char373	0	0		128	0	16	16
char374	0	0		144	0	16	16
char375	0	0		160	0	16	16
char376	0	0		176	0	16	16
char377	0	0		192	0	16	16
char378	0	0		208	0	16	16
char379	0	0		224	0	16	16
char380	0	0		240	0	16	16
char381	0	0		256	0	16	16
char382	0	0		272	0	16	16
char383	0	0		288	0	16	16
char384	0	0		304	0	16	16
char385	0	0		320	0	16	16
char386	0	0		336	0	16	16
char387	0	0		352	0	16	16
char388	0	0		368	0	16	16
char389	0	0		384	0	16	16
char390	0	0		400	0	16	16
char348	0	0		0	16	16	16
char349	0	0		16	16	16	16
char350	0	0		32	16	16	16
char351	0	0		48	16	16	16
char352	0	0		64	16	16	16
char353	0	0		80	16	16	16
char354	0	0		96	16	16	16
char355	0	0		112	16	16	16
char356	0	0		128	16	16	16
char357	0	0		144	16	16	16
char332	0	0		160	16	16	16
char333	0	0		176	16	16	16
char346	0	0		192	16	16	16
char344	0	0		208	16	16	24
char347	0	0		224	16	16	16
char358	0	0		240	16	16	16
char343	0	0		256	16	16	16
char342	0	0		272	16	16	16
char361	0	0		288	16	16	16
char339	0	0		304	16	16	16
char340	0	0		320	16	16	16
char341	0	0		336	16	16	16
char363	0	0		352	16	16	16
char345	0	0		368	16	16	16
