gdun1	0	24x24x0		0	0	48	48
gdun2	0	24x24x0		80	0	48	48
gdun3	0	24x24x0		80	80	48	48
gdun4	0	24x24x0		0	80	48	48
gdun5	0	16x24x0		48	0	32	48
gdun6	0	16x24x0		48	80	32	48
gdun7	0	24x16x0		80	48	48	32
gdun8	0	24x16x0		0	48	48	32
gdun9	0	0		48	48	32	32
gdun10	0	0		128	0	16	16
gdun11	0	0		144	0	16	16
gdun12	0	0		144	16	16	16
gdun13	0	0		128	16	16	16
gdun14	0	0		128	32	16	32
gdun15	0	0		144	32	16	32
gdun16	0	0		128	64	32	16
gdun17	0	0		128	80	32	16
gdun18	0	0		128	96	16	16
gdun19	0	0		144	96	16	16
gdun20	0	0		144	112	16	16
gdun21	0	0		128	112	16	16
gdun22	0	24x24x0		160	0	48	48
gdun23	0	24x24x0		240	0	48	48
gdun24	0	24x24x0		240	80	48	48
gdun25	0	24x24x0		160	80	48	48
gdun26	0	16x24x32		208	0	32	48
gdun27	0	16x24x16		208	80	32	48
gdun28	0	24x16x24		160	48	48	32
gdun29	0	24x16x40		240	48	48	32
gdun30	0	0		208	48	32	32
gdun31	0	0		288	0	16	16
gdun32	0	0		304	0	16	16
gdun33	0	0		304	16	16	16
gdun34	0	0		288	16	16	16
gdun35	0	0		288	32	16	32
gdun36	0	0		304	32	16	32
gdun37	0	0		288	64	32	16
gdun38	0	0		288	80	32	16
gdun39	0	0		288	96	16	16
gdun40	0	0		304	96	16	16
gdun41	0	0		304	112	16	16
gdun42	0	0		288	112	16	16
gdun43	0	0		320	0	32	32
gdun44	0	0		352	0	32	32
gdun45	0	0		384	0	32	32
gdun46	0	0		384	32	32	32
gdun47	0	0		384	64	32	32
gdun48	0	0		352	64	32	32
gdun49	0	0		320	64	32	32
gdun50	0	0		320	32	32	32
gdun51	0	24x24x0		416	0	48	48
gdun52	0	24x24x0		464	0	48	48
gdun53	0	24x24x0		464	48	48	48
gdun54	0	24x24x0		416	48	48	48
gdun55	0	24x24x0		416	96	48	48
gdun56	0	24x24x0		464	96	48	48
gdun57	0	24x24x0		464	144	48	48
gdun58	0	24x24x0		416	144	48	48
gdun59	0	0		352	96	32	32
gdun60	0	0		384	96	32	32
gdun61	0	0		384	128	32	32
gdun62	0	0		352	128	32	32
gdun63	0	8x8x8		320	96	16	16
gdun64	0	8x8x8		320	112	16	16
gdun65	0	8x8x8		336	96	16	16
gdun66	0	16x16x8		352	160	32	32
gdun67	0	16x24x8		384	176	32	48
gdun68	0	16x8x8		384	160	32	16
gdun69	0	8x24x8		480	336	16	48
gdun70	0	32x24x0		368	480	64	48
gdun71	0	16x32x0		0	256	32	64
gdun72	0	16x32x0		32	256	32	64
gdun73	0	32x16x0		64	256	64	32
gdun74	0	32x16x0		64	288	64	32
gdun75	0	16x32x0		128	256	32	64
gdun76	0	16x32x0		160	256	32	64
gdun77	0	16x32x0		192	256	32	64
gdun78	0	16x32x0		224	256	32	64
gdun79	0	32x16x0		256	256	64	32
gdun80	0	32x16x0		256	288	64	32
gdun81	0	32x16x0		320	256	64	32
gdun82	0	32x16x0		320	288	64	32
gdun83	0	8x32x0		384	256	16	64
gdun84	0	8x32x0		400	256	16	64
gdun85	0	8x32x0		416	256	16	64
gdun86	0	8x32x0		432	256	16	64
gdun87	0	8x24x0		448	256	16	48
gdun88	0	8x24x0		464	256	16	48
gdun89	0	8x24x0		480	256	16	48
gdun90	0	8x24x0		496	256	16	48
gdun91	0	0		320	128	16	16
gdun92	0	0		336	128	16	16
gdun93	0	0		336	144	16	16
gdun94	0	0		320	144	16	16
gdun95	0	0		352	32	16	16
gdun96	0	0		368	32	16	16
gdun97	0	0		368	48	16	16
gdun98	0	0		352	48	16	16
gdun99	0	16x16x0		320	160	32	32
gdun100	0	0		416	192	64	64
gdun101	0	0		480	192	32	32
gdun102	0	0		480	224	32	32
gdun103	0	0		384	224	32	32
gdun104	0	_stairsmaskn		368	416	64	64
gdun105	0	_stairsmaskn		304	480	64	64
gtourchna	0	false		128	192	64	32
gtourchsa	0	false		128	224	64	32
gtourchwa	0	false		256	192	32	64
gtourchea	0	false		288	192	32	64
gdun106	0	24x32x0		0	128	48	64
gdun107	0	24x32x0		48	128	48	64
gdun108	0	0		96	128	160	64
gdun109	0	0		256	176	64	16
dungeonentrancea	0	_doormaskn	_dungeonentrancea	256	128	64	48
dungeonentranceaa	0	0		256	160	64	16
ddungeon10A	0	0		0	320	64	16
ddungeon70O	0	_doormaskns	d_dungeon70O	0	368	64	32
ddungeon70A	0	0		0	400	64	16
ddungeonA0O	0	_doormaskes	d_dungeonA0O	16	416	32	64
ddungeon1AA	0	0		0	416	16	64
ddungeon40O	0	_doormaskes	d_dungeon40O	0	480	32	64
ddungeon40A	0	0		32	480	16	64
ddungeon10	0	_doormaskns	d_dungeon10	64	336	64	32
ddungeon10H	0	0		240	480	64	32
ddungeon70	0	_doormaskns	d_dungeon70	64	368	64	32
ddungeon70H	0	0		240	512	64	32
ddungeonA0	0	_doormaskes	d_dungeonA0	64	416	32	64
ddungeonA0H	0	0		240	416	32	64
ddungeon40	0	_doormaskes	d_dungeon40	48	480	48	64
ddungeon40H	0	0		272	416	32	64
ddungeon20	0	_doormaskns	d_dungeon20	128	336	64	32
ddungeon20H	0	0		432	416	64	32
ddungeon80	0	_doormaskns	d_dungeon80	128	368	64	32
ddungeon80H	0	0		432	448	64	32
ddungeonB0	0	_doormaskes	d_dungeonB0	112	416	32	64
ddungeonB0H	0	0		304	416	32	64
ddungeon50	0	_doormaskes	d_dungeon50	96	480	32	64
ddungeon50H	0	0		336	416	32	64
ddungeon30	0	_doormaskns	d_dungeon30	192	336	64	32
ddungeon90	0	_doormaskns	d_dungeon90	192	368	64	32
ddungeonC0	0	_doormaskes	d_dungeonC0	160	416	32	64
ddungeon60	0	_doormaskes	d_dungeon60	144	480	32	64
ddungcrack10	0	_doormaskn	d_dungcrack10	256	320	64	48
ddungcrack10a	0	0		256	320	64	16
ddungcrack10b	0	0		320	320	48	48
ddungcrack30	0	_doormaskn	d_dungcrack30	256	368	64	48
ddungcrack30a	0	0		256	400	64	16
ddungcrack30b	0	0		320	368	48	48
ddungcrack20	0	_doormaske	d_dungcrack20	192	416	48	64
ddungcrack20a	0	0		192	416	16	64
ddungcrack20b	0	0		368	368	48	48
ddungcrack40	0	_doormaske	d_dungcrack40	192	480	48	64
ddungcrack40a	0	0		224	480	16	64
ddungcrack40b	0	0		368	320	48	48
ddungstairs10	0	_doormaskn	d_dungstairs10	416	320	64	48
ddungstairs10a	0	0		416	320	64	16
ddungstairs20	0	_doormaskn	d_dungstairs20	416	368	64	48
ddungstairs20a	0	0		416	368	64	16
switch1b	0	0	_switch1b	480	304	32	32
gdun110	0	0		496	240	16	16
opush0	0	0	o_push0	320	160	32	32
ddungeon10O	0	0	d_dungeon10O	0	336	64	32
