house1	0	24x24x0		0	0	48	48
house2	0	24x24x0		48	0	48	48
house3	0	24x24x0		48	48	48	48
house4	0	24x24x0		0	48	48	48
house5	0	16x24x0		96	0	32	48
house6	0	24x16x0		128	0	48	32
house7	0	16x24x0		96	48	32	48
house8	0	24x16x0		128	32	48	32
house9	0	0		192	160	16	16
house10	0	0		208	160	16	16
house11	0	0		208	176	16	16
house12	0	0		192	176	16	16
house13	0	0		176	96	16	16
house14	0	0		176	144	16	16
house15	0	0		176	112	16	16
house16	0	0		176	128	16	16
house17	0	24x24x0		0	96	48	48
house18	0	24x24x0		48	96	48	48
house19	0	24x24x0		48	144	48	48
house20	0	24x24x0		0	144	48	48
house21	0	16x24x32		96	96	32	48
house22	0	24x16x40		128	128	48	32
house23	0	16x24x16		96	144	32	48
house24	0	24x16x24		128	96	48	32
house25	0	0		224	96	64	32
house26	0	0		224	128	64	32
house27	0	0		224	160	32	64
house28	0	0		256	160	32	64
house29	0	0		160	64	32	32
house30	0	0		128	64	32	32
house31	0	0		128	160	32	32
house32	0	0		160	160	32	32
house33	0	8x8x8		176	32	16	16
house34	0	8x8x8		176	48	16	16
house35	0	8x8x8		304	160	16	16
house36	0	16x16x8		192	0	32	32
house37	0	16x16x8		192	32	32	32
house38	0	8x32x0		224	224	16	64
house39	0	8x32x0		240	224	16	64
house40	0	8x32x0		256	224	16	64
house41	0	8x32x0		224	288	16	64
house42	0	8x32x0		240	288	16	64
house43	0	8x32x0		256	288	16	64
house44	0	0		272	224	16	24
house45	0	32x32x0		0	352	64	64
house46	0	32x32x8		64	352	64	64
house47	0	16x24x8		0	416	32	48
house48	0	16x24x8		32	416	32	48
house49	0	16x24x8		64	416	32	48
house50	0	0		192	336	16	16
house51	0	0		208	336	16	16
house52	0	32x8x8		224	48	64	16
house53	0	32x8x8		224	64	64	16
house54	0	32x8x8		224	80	64	16
house55	0	16x24x8		288	0	32	48
house56	0	8x8x8		224	0	16	16
house57	0	8x8x8		224	16	16	16
house58	0	8x8x8		224	32	16	16
house59	0	16x8x8		240	0	32	16
house60	0	16x8x8		240	16	32	16
house61	0	16x8x8		240	32	32	16
house62	0	8x8x8		272	0	16	16
house63	0	8x8x8		272	16	16	16
house64	0	8x8x8		272	32	16	16
house65	0	0		192	128	16	16
house66	0	0		208	128	16	16
house67	0	0		208	144	16	16
house68	0	0		192	144	16	16
house69	0	0		192	96	16	16
house70	0	0		208	96	16	16
house71	0	0		208	112	16	16
house72	0	0		192	112	16	16
house73	0	0		192	64	32	32
house74	0	0		192	288	16	16
house75	0	8x8x8		288	48	16	16
house76	0	8x8x8		304	48	16	16
house77	0	8x8x8		304	64	16	16
house78	0	8x8x8		288	64	16	16
house79	0	8x8x8		288	80	16	16
house80	0	8x8x8		304	80	16	16
house81	0	8x8x8		304	96	16	16
house82	0	8x8x8		288	96	16	16
house83	0	8x8x8		304	112	16	16
house84	0	8x8x8		304	128	16	16
house85	0	8x8x8		288	128	16	16
house86	0	8x8x8		288	112	16	16
house87	0	8x8x8		288	144	16	16
house88	0	8x8x8		304	144	16	16
house89	0	8x8x8		288	160	16	16
house90	0	0		272	248	16	24
house91	0	0		272	272	16	32
house92	0	0		176	0	16	16
house93	0	0		176	16	16	16
house94	0	0		208	288	16	16
house95	0	0		192	304	32	32
house96	0	_stairsmaskn		128	352	64	64
house97	0	_stairsmaskn		192	352	64	64
darchway11	0	_doormaskns	d_archway11	160	208	64	32
darchway11a	0	0		160	192	64	16
darchway31	0	_doormaskns	d_archway31	160	240	64	32
darchway31a	0	0		160	272	64	16
darchway21	0	_doormaske	d_archway21	144	288	32	64
darchway21a	0	0		176	288	16	64
darchway41	0	_doormaske	d_archway41	112	288	32	64
darchway41a	0	0		96	288	16	64
housecrack1n	0	_doormaskn	_housecrack1n	96	192	64	48
housecrack1nb	0	0		0	192	48	48
housecrack1na	0	0		96	192	64	16
housecrack1s	0	_doormaskn	_housecrack1s	96	240	64	48
housecrack1sa	0	0		96	272	64	16
housecrack1sb	0	0		48	192	48	48
housecrack1e	0	_doormaske	_housecrack1e	48	288	48	64
housecrack1ea	0	0		80	288	16	64
housecrack1eb	0	0		48	240	48	48
housecrack1w	0	_doormaske	_housecrack1w	0	288	48	64
housecrack1wa	0	0		0	288	16	64
housecrack1wb	0	0		0	240	48	48
house98	0	0		272	304	16	16
house99	0	16x16x8		288	176	32	32
