wswordicon2	0	0		0	0	32	32
wsword2s1	0	0		32	0	32	16
wsword2s2	0	0		32	16	32	16
wsword2s3	0	0		64	0	32	32
wsword2s4	0	0		96	0	32	32
wsword2s5	0	0		128	0	32	32
wsword2s6	0	0		160	0	32	32
wsword2s7	0	0		192	0	16	48
wsword2s8	0	0		208	0	16	40
wsword2s9	0	0		224	0	32	40
wsword2s10	0	0		0	32	16	32
wsword2s11	0	0		16	32	16	32
wsword2s12	0	0		32	32	32	16
wsword2s13	0	0		32	48	32	16
wsword2s14	0	0		64	32	32	32
wsword2s15	0	0		96	32	32	32
wsword2s16	0	0		128	32	32	32
wsword2s17	0	0		160	32	32	32
wsword2s18	0	0		208	40	40	16
wsword2s19	0	0		208	56	40	16
wsword2s20	0	0		0	64	32	32
wsword2s21	0	0		32	64	32	32
wsword2s22	0	0		64	64	32	32
wsword2s23	0	0		96	64	32	32
wsword2s24	0	0		128	64	32	32
wsword2s25	0	0		192	48	16	32
wsword2s26	0	0		160	64	16	32
wsword2s27	0	0		176	64	16	32
wsword2s28	0	0		192	80	32	16
wsword2s29	0	0		224	80	32	16
wsword2s30	0	0		256	0	16	32
