mdun1	0	32x32x8		0	0	64	64
switch1a	0	0	_switch1a	288	64	32	32
switch1aa	0	0		320	64	32	32
mdun2	0	32x32x8		64	0	64	64
mdun3	0	16x16x8		128	0	32	32
mdun5	0	16x16x8		160	0	32	32
mdun6	0	16x16x8		160	32	32	32
mdun9	0	16x16x8		128	32	32	32
mdun10	0	16x16x8		192	0	32	32
mdun11	0	16x16x8		192	32	32	32
mdun12	0	16x16x8		224	0	32	32
mdun13	0	16x16x8		224	32	32	32
mdun14	0	0		256	32	16	16
mdun15	0	0		272	32	16	16
mdun16	0	0		272	48	16	16
mdun17	0	0		256	48	16	16
mdun18	0	0		288	0	16	32
mdun19	0	0		304	0	16	32
mdun20	0	0		256	0	32	16
mdun21	0	0		256	16	32	16
mdun22	0	16x8x144		320	0	32	16
16x8x144	0	0		320	16	32	16
mdun23	0	8x8x8		320	32	16	16
mdun24	0	8x8x8		320	48	16	16
mdun25	0	8x8x8		336	32	16	16
mdun26	0	8x8x8		336	48	16	16
mdun27	0	0		288	32	32	32
mdun45	0	16x16x8		0	96	32	32
mdun47	0	16x16x8		32	96	32	32
mdun48	0	16x16x8		32	128	32	32
mdun49	0	16x16x8		0	128	32	32
mdun50	0	16x16x8		64	96	32	32
mdun51	0	16x16x8		64	128	32	32
mdun52	0	16x16x8		96	96	32	32
mdun53	0	16x16x8		96	128	32	32
mdun54	0	0		128	128	16	16
mdun55	0	0		144	128	16	16
mdun56	0	0		144	144	16	16
mdun57	0	0		128	144	16	16
mdun58	0	0		160	96	16	32
mdun59	0	0		176	96	16	32
mdun60	0	0		128	96	32	16
mdun61	0	0		128	112	32	16
mdun62	0	16x8x144		192	96	32	16
mdun63	0	8x8x8		192	128	16	16
mdun64	0	8x8x8		192	144	16	16
mdun65	0	8x8x8		208	128	16	16
mdun66	0	8x8x8		208	144	16	16
mdun67	0	0		160	128	32	32
mdun75	0	16x16x8		224	96	32	32
mdun76	0	16x16x8		256	96	32	32
mdun78	0	16x16x8		256	128	32	32
mdun79	0	16x16x8		224	128	32	32
mdun80	0	16x16x8		288	96	32	32
mdun81	0	16x16x8		288	128	32	32
mdun82	0	16x16x8		320	96	32	32
mdun83	0	16x16x8		320	128	32	32
mdun84	0	0		352	128	16	16
mdun85	0	0		368	128	16	16
mdun86	0	0		368	144	16	16
mdun87	0	0		352	144	16	16
mdun88	0	0		384	96	16	32
mdun89	0	0		400	96	16	32
mdun90	0	0		352	96	32	16
mdun91	0	0		352	112	32	16
mdun92	0	16x8x144		192	112	32	16
mdun93	0	8x8x8		416	128	16	16
mdun94	0	8x8x8		416	144	16	16
mdun95	0	8x8x8		432	128	16	16
mdun96	0	8x8x8		432	144	16	16
mdun97	0	0		384	128	32	32
mdun28	0	0		352	0	32	32
mdun29	0	0		384	0	32	32
mdun30	0	0		352	32	32	32
mdun31	0	16x24x8		480	32	32	48
mdun32	0	0		352	64	32	32
mdun33	0	0		416	32	16	16
mdun34	0	0		432	32	16	16
mdun35	0	0		432	48	16	16
mdun36	0	0		416	48	16	16
mdun37	0	0		384	64	16	16
mdun38	0	0		400	64	16	16
mdun39	0	0		400	80	16	16
mdun40	0	0		384	80	16	16
mdun41	0	0		384	32	16	32
mdun42	0	0		400	32	16	32
mdun43	0	0		416	0	32	16
mdun44	0	0		416	16	32	16
dwater1	0	16x16x192		64	64	32	32
firepot1	0	16x16x8		448	32	32	32
16x16x192	0	0		416	64	32	32
16x16x48	0	0		128	64	32	32
mdun46	0	16x16x48		96	64	32	32
dlamp1	0	_dlamp1mask		224	64	32	32
dlamp1mask	0	0		256	64	32	32
	0	0		0	0	0	0
ocryblocke2	0	0		448	96	32	32
ocryblocko2	0	0		480	96	32	32
ocryblocko	0	0	o_cryblocko	480	128	32	32
ocryblocke	0	0	o_cryblocke	448	128	32	32
ocrystalo	0	16x16x8	o_crystalo	512	96	32	32
ocrystale	0	16x16x8		512	128	32	32
ocryblocke1	0	0		512	64	32	32
ocryblocko1	0	0		512	32	32	32
warpdead	0	0		512	0	32	32
warp1	0	0	_warp_1	576	0	32	32
warp2	0	0		576	32	32	32
warp3	0	0		576	64	32	32
spike1	0	0	_spike_1	544	0	32	32
spike2	0	0		544	32	32	32
spike3	0	0		544	64	32	32
ofirepot	0	0	o_firepot	448	64	32	32
chest2	0	32x24x0	_chest2	464	160	64	48
chest2a	0	32x24x0		528	160	64	48
oposth	0	0	o_posth	608	0	32	32
oposth2	0	0		608	32	32	32
oposth3	0	0		608	64	32	32
oposth4	0	0		608	96	32	32
ofirepota	0	0		448	0	32	32
ofirepotb	0	0		448	32	32	32
ofirepotc	0	0		480	0	32	32
