building1	0	8x8x0		0	0	16	16
building2	0	8x8x0		16	0	16	16
building3	0	8x8x0		32	0	16	16
building4	0	8x8x0		32	16	16	16
building5	0	8x8x0		32	32	16	16
building6	0	8x8x0		16	32	16	16
building7	0	8x8x0		0	32	16	16
building8	0	8x8x0		0	16	16	16
building9	0	0		16	16	16	16
building10	0	8x8x0		32	48	16	16
building11	0	8x8x0		48	48	16	16
building12	0	8x8x8		16	48	16	16
building13	0	8x8x8		64	48	16	16
building14	0	8x8x8		0	48	16	16
building15	0	8x8x8		80	48	16	16
building16	0	16x24x8		0	64	32	48
building17	0	16x24x8		32	64	32	48
building18	0	16x24x8		64	64	32	48
building19	0	16x8x0		0	112	32	16
building20	0	16x8x0		0	128	32	16
building21	0	16x8x0		0	144	32	16
building22	0	16x8x0		0	160	32	16
building23	0	16x8x0		0	176	32	16
building24	0	16x8x0		0	192	32	16
building25	0	0		80	32	16	16
building26	0	32x16x0		32	112	64	32
building27	0	32x32x0		32	144	64	64
building28	0	16x16x0		96	112	32	32
building29	0	16x32x0		96	144	32	64
building30	0	32x32x8		0	208	64	64
16x8x232	0	0		160	256	32	16
building31	0	0		48	0	32	32
building32	0	0		80	0	32	32
building33	0	16x8x232		48	32	32	16
building34	0	16x8x232		64	208	32	16
building35	0	16x16x8		96	32	32	32
building36	0	16x8x232		96	96	32	16
doentrancea	0	0	_doentrancea	96	64	32	32
building37	0	8x8x0		112	0	16	16
building38	0	8x8x0		128	0	16	16
building39	0	8x8x0		144	0	16	16
building40	0	8x8x0		144	16	16	16
building41	0	8x8x0		128	240	16	16
building42	0	8x8x0		144	32	16	16
building43	0	8x8x0		128	32	16	16
building44	0	8x8x0		112	16	16	16
building45	0	0		128	16	16	16
building46	0	16x16x0		128	48	32	32
building47	0	16x8x8		128	80	32	16
building48	0	16x8x8		128	96	32	16
building49	0	8x8x0		80	224	16	16
building50	0	8x8x0		64	224	16	16
building51	0	32x16x0		160	0	64	32
building52	0	32x32x8		160	32	64	64
building53	0	32x32x8		160	96	64	64
building54	0	16x8x8		96	208	32	16
building55	0	16x8x8		96	224	32	16
building56	0	16x8x8		96	240	32	16
building57	0	16x8x8		96	256	32	16
building58	0	0		64	240	32	32
building59	0	0		128	176	32	32
building60	0	0		128	208	32	32
building61	0	16x8x232		128	160	32	16
doentranceb	0	0	_doentranceb	128	128	32	32
building62	0	8x8x0		160	160	16	16
building63	0	8x8x0		176	160	16	16
building64	0	8x8x0		192	160	16	16
building65	0	8x8x0		192	176	16	16
building66	0	8x8x0		192	192	16	16
building67	0	8x8x0		176	192	16	16
building68	0	8x8x0		160	192	16	16
building69	0	8x8x0		160	176	16	16
building70	0	0		176	176	16	16
building71	0	16x16x0		160	208	32	32
building72	0	16x8x0		160	240	32	16
building73	0	16x8x8		128	112	32	16
building74	0	8x8x0		144	256	16	16
building75	0	8x8x0		128	256	16	16
