nnpc1a	0	0	n_npc1a	192	56	32	48
nnpc1aa	0	0		0	48	32	32
nnpc1ab	0	0		32	48	32	32
nnpc1ac	0	0		64	32	32	32
nnpc1ad	0	0		96	32	32	32
nnpc1ae1	0	0		128	32	32	32
nnpc1ae2	0	0		160	32	32	32
nnpc1af1	0	0		0	80	32	32
nnpc1af2	0	0		32	80	32	32
nnpc1ag1	0	0		64	64	32	32
nnpc1ag2	0	0		96	64	32	32
nnpc1ah1	0	0		128	64	32	32
nnpc1ah2	0	0		160	64	32	32
nnpc1b	0	0	n_npc1b	192	104	32	48
nnpc1ba	0	0		0	112	32	32
nnpc1bb	0	0		32	112	32	32
nnpc1bc	0	0		64	96	32	32
nnpc1bd	0	0		96	96	32	32
nnpc1be1	0	0		128	96	32	32
nnpc1be2	0	0		160	96	32	32
nnpc1bf1	0	0		0	144	32	32
nnpc1bf2	0	0		32	144	32	32
nnpc1bg1	0	0		64	128	32	32
nnpc1bg2	0	0		96	128	32	32
nnpc1bh1	0	0		128	128	32	32
nnpc1bh2	0	0		160	128	32	32
nnpc1c	0	0	n_npc1c	192	152	32	48
nnpc1ca	0	0		0	176	32	32
nnpc1cb	0	0		32	176	32	32
nnpc1cc	0	0		64	160	32	32
nnpc1cd	0	0		96	160	32	32
nnpc1ce1	0	0		128	160	32	32
nnpc1ce2	0	0		160	160	32	32
nnpc1cf1	0	0		0	208	32	32
nnpc1cf2	0	0		32	208	32	32
nnpc1cg1	0	0		64	192	32	32
nnpc1cg2	0	0		96	192	32	32
nnpc1ch1	0	0		128	192	32	32
nnpc1ch2	0	0		160	192	32	32
nnpc1d	0	0	n_npc1d	192	200	32	48
nnpc1da	0	0		0	240	32	32
nnpc1db	0	0		32	240	32	32
nnpc1dc	0	0		64	224	32	32
nnpc1dd	0	0		96	224	32	32
nnpc1de1	0	0		128	224	32	32
nnpc1de2	0	0		160	224	32	32
nnpc1df1	0	0		0	272	32	32
nnpc1df2	0	0		32	272	32	32
nnpc1dg1	0	0		64	256	32	32
nnpc1dg2	0	0		96	256	32	32
nnpc1dh1	0	0		128	256	32	32
nnpc1dh2	0	0		160	256	32	32
nnpc1e	0	0	n_npc1e	192	248	32	48
nnpc1ea	0	0		96	288	32	32
nnpc1eb	0	0		128	288	32	32
nnpc1ec	0	0		160	288	32	32
nnpc1ed	0	0		0	304	32	32
nnpc1ee1	0	0		32	304	32	32
nnpc1ee2	0	0		64	320	32	32
nnpc1ef1	0	0		128	320	32	32
nnpc1ef2	0	0		160	320	32	32
nnpc1eg1	0	0		0	336	32	32
nnpc1eg2	0	0		32	336	32	32
nnpc1eh1	0	0		96	352	32	32
nnpc1eh2	0	0		128	352	32	32
nnpc1f	0	0	n_npc1f	192	296	32	48
nnpc1fa	0	0		0	368	32	32
nnpc1fb	0	0		32	368	32	32
nnpc1fc	0	0		64	384	32	32
nnpc1fd	0	0		96	384	32	32
nnpc1fe1	0	0		160	352	32	32
nnpc1fe2	0	0		128	384	32	32
nnpc1ff1	0	0		160	384	32	32
nnpc1ff2	0	0		0	400	32	32
nnpc1fg1	0	0		32	400	32	32
nnpc1fg2	0	0		64	416	32	32
nnpc1fh1	0	0		96	416	32	32
nnpc1fh2	0	0		128	416	32	32
nnpc2a	0	0	n_npc2a	192	0	32	56
nnpc2aa1	0	0		64	0	32	32
nnpc2ab	0	0		160	0	32	32
nnpc2ac	0	0		128	0	32	32
nnpc2ad	0	0		96	0	32	32
nnpc2b	0	0	n_npc2b	0	0	32	48
nnpc2b1	0	0		32	0	32	48
nnpc2c	0	0	n_npc2c	0	432	32	48
nnpc2c1	0	0		32	432	32	48
nnpc2d	0	0	n_npc2d	192	344	32	48
nnpc2da1	0	0		64	448	32	32
nnpc2da2	0	0		96	448	32	32
nnpc2db	0	0		160	416	32	32
nnpc2e	0	0	n_npc2e	192	392	32	56
nnpc2ea1	0	0		128	448	32	32
nnpc2eb	0	0		32	480	32	32
nnpc2ec	0	0		160	448	32	32
nnpc2ed	0	0		0	480	32	32
nnpc2f	0	0	n_npc2f	192	448	32	48
nnpc2fa1	0	0		64	480	32	32
nnpc2fb	0	0		160	480	32	32
nnpc2fc	0	0		96	480	32	32
nnpc2fd	0	0		128	480	32	32
nnpc2g	0	0	n_npc2g	192	496	32	56
nnpc2ga1	0	0		0	512	32	32
nnpc2gb	0	0		96	512	32	32
nnpc2gc	0	0		32	512	32	32
nnpc2gd	0	0		64	512	32	32
nnpc2h	0	0	n_npc2h	192	552	32	48
nnpc2ha1	0	0		128	512	32	32
nnpc2hb	0	0		32	544	32	32
nnpc2hc	0	0		160	512	32	32
nnpc2hd	0	0		0	544	32	32
