rock1	0	m16x16x0		0	0	32	32
rock3	0	m16x16x0		64	0	32	32
rock4	0	m16x16x0		96	0	32	32
rock5	0	m16x8x0		128	0	32	16
rock7	0	m16x8x0		160	0	32	16
rock8	0	m16x8x0		192	0	32	16
rock9	0	m16x8x0		160	16	32	16
rock10	0	m16x8x0		128	16	32	16
rock14	0	_rock14Mask		0	32	32	32
rock15	0	m16x16x0		0	64	32	32
rock16	0	_rock16Mask		0	96	32	32
rock17	0	m16x16x0		32	32	32	32
rock18	0	m16x16x0		32	64	32	32
rock19	0	m16x16x0		32	96	32	32
rock20	0	m16x16x0		64	32	32	32
rockfill3	0	0		64	64	32	32
rock22	0	m16x16x0		64	96	32	32
rock23	0	m16x16x0		96	32	32	32
rock24	0	m16x16x0		96	64	32	32
rock25	0	m16x16x0		96	96	32	32
rockfill2	0	0		128	96	32	32
rock27	0	_rock27Mask		256	32	32	32
rock28	0	m16x16x0		256	64	32	32
rock29	0	_rock29Mask		256	96	32	32
rock30	0	m16x16x0		224	32	32	32
rock31	0	m16x16x0		224	64	32	32
rock32	0	m16x16x0		224	96	32	32
rock33	0	m16x16x0		192	32	32	32
rock35	0	m8x16x0		192	96	32	32
rock36	0	m16x16x0		160	32	32	32
rock37	0	m16x16x0		160	64	32	32
rock38	0	m16x16x0		160	96	32	32
rock40	0	_rock40Mask		0	128	32	32
rock41	0	_rock41Mask		32	128	32	32
rock42	0	m16x16x0		64	128	32	32
rock43	0	_rock43Mask		160	128	32	32
rock44	0	_rock44Mask		128	128	32	32
rock45	0	m16x16x0		96	128	32	32
rock46	0	m16x8x40		192	128	32	16
rock47	0	m16x8x24		192	144	32	16
rock48	0	m8x16x32		224	128	16	32
rock49	0	m8x16x48		240	128	16	32
rock50	0	0		0	176	32	16
rock51	0	0		0	160	32	16
rock52	0	0		32	160	16	32
rock53	0	0		48	160	16	32
rock54	0	_rock54Mask		64	160	16	32
rock55	0	_rock55Mask		80	160	16	32
rock56	0	_rock56Mask		96	160	16	32
rock57	0	_rock57Mask		112	160	16	32
rock58	0	0		128	176	32	16
rock59	0	0		128	160	32	16
rock60	0	0		160	160	16	32
rock61	0	0		176	160	16	32
rock62	0	0		192	160	16	32
rock63	0	0		208	160	16	32
rock64	0	0		224	160	16	32
rock65	0	0		240	160	16	32
rock66	0	_rock66Mask		288	0	32	32
rock67	0	m8x16x0		288	32	16	32
rock68	0	m8x16x0		304	32	16	32
rock69	0	m16x16x0		288	64	32	32
rock70	0	_rock70Mask		288	96	32	16
rock71	0	_rock71Mask		288	112	32	16
rock72	0	_rock72Mask		256	128	16	48
rock73	0	_rock73Mask		272	128	16	48
rock74	0	_rock74Mask		288	128	16	32
rock76	0	_rock76Mask		288	160	16	32
rock77	0	_rock77Mask		304	160	16	32
rock78	0	m8x8x0		192	16	16	16
rock79	0	m8x8x0		256	176	16	16
rock80	0	m8x8x0		208	16	16	16
rock81	0	m8x8x0		272	176	16	16
	0	0		0	0	0	0
rock12	0	m16x8x0		128	32	32	16
rock133	0	0		128	192	16	64
rock130	0	0		144	192	16	64
rock132	0	_rock129mask		96	192	16	80
rock129	0	_rock129mask		112	192	16	80
rock131	0	_rock128mask		64	192	16	96
rock128	0	_rock128mask		80	192	16	96
rockfill4	0	0		128	48	16	16
rock127	0	m16x16x0		224	0	32	32
rock126	0	m16x16x0		256	0	32	32
dcavedoor1	0	_doormaskn3	d_cavedoor1	0	192	64	64
dcavedoor1a	0	0		0	192	64	16
dcavecrack1	0	_doormaskn1	d_cavecrack1	160	192	64	48
dcavecrack1a	0	0		160	192	64	16
dcavecrack1c	0	0		224	192	64	48
