rockentrances	0	0		160	32	64	32
RCrackMask1	0	0		128	112	64	48
EntranceMask1	0	0		128	96	64	64
rock98	0	0		0	0	32	48
rock99	0	0		0	0	32	16
rock100	0	0		32	0	32	32
rock101	0	0		64	0	32	32
rock102	0	0		96	0	32	32
rock103	0	0		128	0	32	32
rock104s	0	0		160	0	32	32
rock105s	0	0		192	0	32	32
rock106	0	0		224	0	16	32
rock107	0	0		240	0	16	32
rock108	0	0		256	0	16	16
rock109	0	0		256	16	16	16
rock110	0	0		272	0	16	16
rock111	0	0		272	16	16	16
rock69s	0	0		32	32	32	16
rock66s	0	0		32	48	32	16
rock67s	0	0		64	32	16	32
rock68s	0	0		80	32	16	32
rock72s	0	0		96	32	16	32
rock73s	0	0		112	32	16	32
rock74s	0	0		128	64	16	32
rock75s	0	0		144	64	16	32
rock10s	0	0		128	32	16	16
rock11s	0	0		144	32	16	16
rock70s	0	0		96	64	32	16
rock71s	0	0		96	80	32	16
rock78s	0	0		64	64	16	16
rock79s	0	0		64	80	16	16
rock80s	0	0		80	64	16	16
rock81s	0	0		80	80	16	16
rock133s	0	0		0	64	16	64
rock130s	0	0		16	64	16	64
rock76s	0	0		32	64	16	32
rock77s	0	0		48	64	16	32
rock14Mask	0	0		224	32	32	32
rock27Mask	0	0		224	64	32	32
rock41Mask	0	0		224	96	32	32
rock44Mask	0	0		224	128	32	32
rock128mask	0	0		240	48	16	96
rock129mask	0	0		240	64	16	80
rock56mask	0	0		256	32	16	32
rock57mask	0	0		272	32	16	32
rock74mask	0	0		256	64	16	32
rock75mask	0	0		272	64	16	32
rock76mask	0	0		256	96	16	32
rock77mask	0	0		272	96	16	32
rock71Mask	0	0		256	128	32	16
rock70Mask	0	0		256	144	32	16
rock54Mask	0	0		0	128	16	32
rock55Mask	0	0		16	128	16	32
16x8x32	0	0		32	96	32	16
16x8x16	0	0		32	112	32	16
8x16x24	0	0		32	128	16	32
8x16x40	0	0		48	128	16	32
rock16Mask	0	0		64	96	32	32
rock29Mask	0	0		64	128	32	32
rock40Mask	0	0		96	96	32	32
rock43Mask	0	0		96	128	32	32
rock66Mask	0	0		192	80	32	32
rock72Mask	0	0		192	112	16	48
rock73Mask	0	0		208	112	16	48
