town1	0	_townmask1		0	0	48	16
town2	0	_townmask2		48	0	16	16
town3	0	_townmask1		64	0	48	16
town4	0	m24x8x0		0	16	48	16
town5	0	m24x8x0		64	16	48	16
town6	0	m24x32x0		0	32	48	64
town7	0	m8x32x0		48	32	16	64
town8	0	m24x32x0		64	32	48	64
townfill2	0	0		128	176	32	32
townfill2a	0	0		128	176	16	16
redrooffill	0	0		48	16	16	16
town9	0	_townmask1		112	0	48	16
town10	0	_townmask2		160	0	16	16
town11	0	_townmask1		176	0	48	16
town12	0	m24x8x0		112	16	48	16
town13	0	m24x8x0		176	16	48	16
town14	0	m24x32x0		112	32	48	64
town15	0	m8x32x0		160	32	16	64
town16	0	m24x32x0		176	32	48	64
bluerooffill	0	0		160	16	16	16
woodwallw	0	m8x24x0		80	96	16	48
woodwalle	0	m8x24x0		64	272	16	48
lwwoodwall	0	m16x16x0		208	240	32	32
lwwallwindow	0	m24x16x0		160	240	48	32
town21	0	0		128	240	32	32
town22	0	0		96	96	32	48
town23	0	m8x24x0		128	96	16	48
town24	0	m8x24x0		144	96	16	48
town25	0	m8x24x0		160	96	16	48
wallsword	0	0		64	96	16	32
town32	0	m8x8x0		176	96	16	16
town33	0	m8x8x0		192	96	16	16
town34	0	m8x8x0		208	96	16	16
town29	0	m8x8x0		176	112	16	16
town30	0	0		192	112	16	16
town31	0	m8x8x0		208	112	16	16
town26	0	m8x8x0		176	128	16	16
town27	0	m8x8x0		192	128	16	16
town28	0	m8x8x0		208	128	16	16
town85	0	m8x16x0		400	208	16	32
town86	0	m8x8x0		432	224	16	16
town87	0	m8x16x0		464	208	16	32
town88	0	m8x16x0		400	240	16	32
town89	0	m8x16x0		464	240	16	32
town90	0	m8x16x0		416	240	16	32
town94	0	m8x16x0		416	208	16	32
town91	0	m8x8x0		432	256	16	16
town92	0	m8x8x0		432	240	16	16
town95	0	m8x16x0		448	208	16	32
town93	0	m8x16x0		448	240	16	32
polemiddle	0	0		96	272	64	32
polenw	0	0		160	272	80	32
polene	0	0		240	272	80	32
polesw	0	0		320	272	80	48
polese	0	0		400	272	80	48
town20	0	0		288	192	16	16
town35	0	0		224	0	64	48
lwgrassroofnw	0	m8x8x0		400	128	16	16
lwgrassroofn	0	m16x8x0		240	256	32	16
lwgrassroofne	0	m8x8x0		400	160	16	16
lwgrassroofw	0	m8x8x0		400	144	16	16
grassrooffill	0	0		368	160	32	32
lwgrassroofe	0	m8x8x0		400	176	16	16
lwgrassroofsw	0	m8x16x0		336	160	32	16
lwgrassroofs	0	m8x16x0		336	176	32	16
lwgrassroofse	0	m8x16x0		368	144	32	16
lwstonewindow	0	m32x16x0		272	240	64	32
town38	0	0		336	144	32	16
town39	0	m16x24x8		320	0	32	48
town40	0	m32x24x8		352	0	64	48
townfill1	0	0		128	144	32	32
paletilefillns1	0	0		128	144	16	32
townfill1a	0	0		144	144	16	32
townfill1b	0	0		128	144	32	16
paletilefillwe2	0	0		128	160	32	16
townfill1c	0	0		128	144	16	16
paletilefill2	0	0		144	144	16	16
paletilefill3	0	0		128	160	16	16
paletilefill4	0	0		144	160	16	16
townfill3	0	0		160	144	32	32
townfill3a	0	0		160	144	16	32
townfill3b	0	0		176	144	16	32
townfill4	0	0		160	176	32	32
pinktilefillns1	0	0		160	176	16	32
townfill4a	0	0		176	176	16	32
townfill4b	0	0		160	176	32	16
pinktilefillwe2	0	0		160	192	32	16
townfill4c	0	0		160	176	16	16
pinktilefill2	0	0		176	176	16	16
pinktilefill3	0	0		160	192	16	16
pinktilefill4	0	0		176	192	16	16
town41	0	m16x24x8		336	96	32	48
town42	0	0		384	96	16	16
town43	0	0		400	96	16	16
town44	0	0		368	128	16	16
town45	0	0		384	112	16	16
town46	0	0		368	96	16	16
town47	0	0		400	112	16	16
town48	0	0		384	128	16	16
town49	0	0		368	112	16	16
town50	0	m8x8x8		256	144	16	16
town51	0	m8x8x8		288	144	16	16
town52	0	m8x8x8		320	112	16	16
town53	0	m8x8x8		320	128	16	16
town54	0	m8x8x8		272	144	16	16
town55	0	m8x8x8		320	96	16	16
town57	0	m8x8x8		304	144	16	16
town37	0	0		400	192	16	16
townfill5	0	m8x8x208		272	160	16	16
townfill6	0	0		288	160	16	16
town58	0	8x8x8		256	80	16	16
town59	0	8x8x8		272	80	16	16
town60	0	_stairsmaskn5		352	48	32	16
town61	0	_stairsmaskn4		352	64	64	16
town62	0	m16x24x8		224	112	32	48
town63	0	m16x24x8		320	48	32	48
town64	0	m16x24x8		288	96	32	48
town65	0	m16x24x8		256	96	32	48
town66	0	m16x24x8		288	0	32	48
town67	0	m16x16x8		256	48	32	32
town68	0	16x24x8		224	64	32	48
lwhedgeends	0	m16x24x8		192	144	32	48
town70	0	m16x8x8		224	48	32	16
town71	0	m16x24x8		288	48	32	48
town56	0	m8x8x8		320	144	16	16
town72	0	m16x24x8		304	160	32	48
town73	0	0		272	176	16	16
town74	0	0		288	176	16	16
town75	0	8x24x0		256	192	16	48
town76	0	0		272	192	16	16
town79	0	0		64	144	64	48
town81	0	0		64	192	64	48
town82	0	0		128	208	64	32
town80	0	0		64	240	64	32
town83	0	0		272	208	64	32
town84	0	16x24x0		192	192	32	48
town77	0	0		224	192	16	48
town78	0	0		240	192	16	48
west	0	0		416	0	32	32
north	0	0		448	0	32	32
east	0	0		416	32	32	32
south	0	0		448	32	32	32
birdpedestal	0	m32x32x0		416	64	64	64
bird	0	false		480	48	64	48
town36	0	0		64	128	16	16
tealrooffill	0	0		432	208	16	16
birdpole	0	0		416	176	64	32
townbank	0	0		480	192	64	40
townpub	0	0		480	232	64	32
witchhut1	0	_townmask3		544	0	64	32
witchhut2	0	_townmask3		608	0	64	32
witchhut3	0	m32x16x0		544	32	64	32
witchhut4	0	m32x16x0		608	32	64	32
witchhut5	0	m32x24x0		544	64	64	48
witchhut6	0	m32x24x0		608	64	64	48
witchhut7	0	_witchhutmask		544	112	128	80
townmask1	0	0		480	168	48	16
townmask3	0	0		480	160	64	32
witchhutmask	0	0		544	240	128	80
townmask2	0	0		480	168	16	16
dkakdoor3	0	_doormaskn2	d_kakdoor3	480	96	64	32
dkakdoor3c	0	0		480	128	64	32
dkakdoor2	0	_doormaskn1	d_kakdoor2	336	192	64	48
dkakdoor2a	0	0		336	192	64	16
dkakdoor1	0	0	d_kakdoor1	0	96	64	32
dkakdoor1o	0	0		0	208	64	32
dkakdoor1arch1	0	0		0	128	64	24
dkakdoor1arch2	0	0		0	152	64	24
dkakdoor1arch3	0	0		0	176	64	16
dkakdoor1bot	0	0		0	192	64	16
