town1	0	_town1mask		0	0	48	16
town2	0	_town2mask		48	0	16	16
town3	0	_town1mask		64	0	48	16
town4	0	24x8x0		0	16	48	16
town5	0	24x8x0		64	16	48	16
town6	0	24x32x0		0	32	48	64
town7	0	8x32x0		48	32	16	64
town8	0	24x32x0		64	32	48	64
redrooffill	0	0		48	16	16	16
town9	0	_town1mask		112	0	48	16
town10	0	_town2mask		160	0	16	16
town11	0	_town1mask		176	0	48	16
town12	0	24x8x0		112	16	48	16
town13	0	24x8x0		176	16	48	16
town14	0	24x32x0		112	32	48	64
town15	0	8x32x0		160	32	16	64
town16	0	24x32x0		176	32	48	64
bluerooffill	0	0		160	16	16	16
town17	0	8x24x0		0	96	16	48
town18	0	8x24x0		16	96	16	48
town19	0	16x16x0		32	96	32	32
town20	0	0		32	128	16	16
town21	0	0		64	96	32	32
town1mask	0	0		224	160	48	32
town2mask	0	0		224	160	16	32
town22	0	0		96	96	32	48
town23	0	8x24x0		128	96	16	48
town24	0	8x24x0		144	96	16	48
town25	0	8x24x0		160	96	16	48
town26	0	8x8x0		176	128	16	16
town27	0	8x8x0		192	128	16	16
town28	0	8x8x0		208	128	16	16
town29	0	8x8x0		176	112	16	16
town30	0	8x8x0		192	112	16	16
town31	0	8x8x0		208	112	16	16
town32	0	0		176	96	16	16
town33	0	0		192	96	16	16
town34	0	0		208	96	16	16
town35	0	0		224	0	64	48
dbasic1h	0	_doormaskns	d_basic1h	0	168	64	32
 basicdoor1ha	0	0		0	144	64	24
town36	0	0		48	128	16	16
town37	0	0		64	128	16	16
town38	0	0		336	144	32	16
town39	0	16x24x8		320	0	32	48
town40	0	32x24x8		352	0	64	48
townfill1	0	0		128	144	32	32
townfill1a	0	0		144	144	16	32
townfill1b	0	0		128	144	32	16
townfill1c	0	0		128	144	16	16
townfill2	0	0		128	176	32	32
townfill3	0	0		160	144	32	32
townfill4	0	0		160	176	32	32
townfill4a	0	0		176	176	16	32
townfill4b	0	0		160	176	32	16
townfill4c	0	0		160	176	16	16
town41	0	16x24x8		336	96	32	48
town42	0	0		384	96	16	16
town43	0	0		400	96	16	16
town44	0	0		368	128	16	16
town45	0	0		384	112	16	16
town46	0	0		368	96	16	16
town47	0	0		400	112	16	16
town48	0	0		384	128	16	16
town49	0	0		368	112	16	16
town50	0	8x8x8		256	144	16	16
town51	0	8x8x8		288	144	16	16
town52	0	8x8x8		320	112	16	16
town53	0	8x8x8		320	128	16	16
town54	0	8x8x8		272	144	16	16
town55	0	8x8x8		320	96	16	16
town57	0	8x8x8		304	144	16	16
townfill5	0	0		272	160	16	16
townfill6	0	0		288	160	16	16
town58	0	8x8x8		256	80	16	16
town59	0	8x8x8		272	80	16	16
town60mask	0	0		384	48	32	16
town61mask	0	0		352	80	64	16
town62	0	16x24x8		224	112	32	48
town63	0	16x24x8		320	48	32	48
town64	0	16x24x8		288	96	32	48
town65	0	16x24x8		256	96	32	48
town66	0	16x24x8		288	0	32	48
town67	0	16x16x8		256	48	32	32
town68	0	16x24x8		224	64	32	48
town69	0	16x24x8		192	144	32	48
town70	0	16x8x8		224	48	32	16
town71	0	16x24x8		288	48	32	48
town56	0	8x8x8		320	144	16	16
town72	0	16x24x8		304	160	32	48
town73	0	0		272	176	16	16
town74	0	0		288	176	16	16
town75	0	8x24x0		272	192	16	48
town76	0	0		288	192	16	16
town77	0	0		336	160	16	48
town78	0	0		352	160	16	48
town79	0	0		64	144	64	48
town80	0	0		0	216	64	32
town81	0	0		64	192	64	48
town82	0	0		128	208	64	32
town83	0	0		288	208	64	32
town84	0	16x24x0		192	192	32	48
town97	0	0		352	224	48	48
town98	0	0		400	256	64	32
town99	0	32x32x0		416	64	64	64
town60	0	_town60mask		352	48	32	16
townA1	0	false		256	192	16	32
dbasic1hc	0	0		0	248	64	32
town96	0	32x8x0		0	288	64	16
town100	0	0		416	0	32	32
town101	0	0		448	0	32	32
town102	0	0		416	32	32	32
town103	0	0		448	32	32	32
dbasic1s	0	_doormaskns	d_basic1s	64	256	64	32
basicdoor1sh	0	0		64	240	64	16
town104	0	0		128	240	64	32
town105	0	0		224	224	16	16
town106	0	0		368	176	32	16
town107	0	0		352	208	16	16
town61	0	_town61mask		352	64	64	16
town108	0	0		240	224	16	16
town109	0	0		256	224	16	16
town110	0	0		368	144	32	16
town111	0	0		368	160	32	16
town112	0	16x8x0		192	288	32	16
townfill7	0	0		368	192	32	32
town113	0	16x16x0		352	272	32	32
town114	0	0		464	256	16	32
basicdoor1hf	0	0		0	200	64	16
